1.2526654
2.4379782
2.1990914
2.4574922
1.8432569
2.3127628
1.4540895
2.0509684
1.8966876
2.0363356
2.25246
2.1003546
1.2227221
2.1194218
2.2429929
2.0223015
2.1636672
2.2519168
2.355758
2.3527689
2.1271325
2.2726322
1.8728804
2.3407971
1.3654016
2.2936329
2.2118579
1.4179291
1.7493641
2.1033256
1.9876161
2.1149063
1.6334159
2.0999567
2.1847719
1.8586125
2.2561631
1.4029065
1.5140299
2.2453942
2.3536789
1.834713
1.8924657
1.7619682
1.7318884
2.3751679
2.2601003
1.9918011
2.0076194
1.7459785
2.0687454
2.3596423
2.0597288
2.2359324
1.8762221
1.9731555
2.2222932
2.4379782
2.3368779
2.049869
0.97092896
2.094242
2.0780505
1.6631174
1.6384249
2.0735989
1.455452
2.4574922
1.972626
1.6889026
2.1331058
2.160789
2.1738766
1.4609416
2.362419
2.1505274
1.4504244
2.4574922
2.0050934
1.4523702
2.2225338
1.9061071
2.4574922
1.8433834
2.4379782
1.1706414
0.97610155
2.1680303
2.3294705
2.0944963
1.4154939
1.2002517
1.9915502
1.8754926
1.9344751
1.9786035
2.0072909
1.7479471
1.990421
1.345861
2.2434907
1.6941846
1.8039196
2.4110007
1.968098
2.4110007
1.7636334
2.25246
1.6025936
2.3309319
1.6207744
1.2911854
2.1967229
2.1005277
2.1586968
2.1512632
2.028277
1.6932149
2.3527689
1.5313321
2.037794
1.3993932
2.3341296
2.018948
2.177129
2.2434907
1.5959216
2.1375123
1.8186916
1.2518931
2.0775397
2.4574922
1.9960564
1.5455123
2.290785
2.2234085
1.7804641
1.7093551
2.2458937
2.2227792
2.0084737
1.3087924
2.25246
1.4944254
2.131505
1.990141
1.9951994
1.0124984
2.4110007
2.0805859
1.2950413
2.4574922
2.0793986
2.2299135
1.6506305
1.8396624
1.4266353
2.0299077
1.4099847
2.4574922
1.7621193
2.4574922
1.70477
2.0951571
2.4379782
1.9280376
2.1300925
2.1005046
2.0358593
2.036904
1.9729687
1.9584217
2.3596423
1.6430906
2.1408524
2.4574922
2.3554815
1.7983372
1.5759932
2.0542372
2.1293978
1.9455904
2.2952668
2.3696547
2.1374659
2.2111158
2.1853473
2.0532433
1.5192634
2.2820936
2.0366313
0.87192235
2.1670914
1.9504943
2.3509127
2.0762221
2.0916667
1.5992837
2.2217445
1.9621718
1.870585
2.0517739
2.4379782
2.4110007
