-0.72496289
1.228083
-0.036235243
0.60168809
-0.12098348
0.3175417
-0.076972439
-0.53328785
0.19566682
0.85211388
-0.72094913
-0.45819895
0.16488594
0.54365688
0.48445554
0.30511207
-0.24553965
-0.29795338
0.6895636
0.64555034
0.25332146
0.053674149
0.07332001
0.82214547
1.2281573
-0.19064442
-0.06625259
0.19955532
0.80264528
-0.33341301
0.26506672
1.3198037
-0.088639285
-0.052191982
0.20178776
0.39054447
0.56273107
-0.31234373
-0.89341521
1.2020521
-0.64004451
-0.45294939
0.20815829
0.18756437
1.3519224
0.14459021
-0.60714224
0.96062485
0.84620019
-0.11832771
0.40234848
0.42879468
0.47485628
0.54714842
0.053248207
-0.30840932
0.23237929
0.015742344
0.1343741
1.0030648
0.24982367
0.56706556
-0.21984851
0.86827503
-0.32689604
-1.0906552
-0.34792073
0.50111156
1.4405193
0.75605916
0.070842218
-0.098083189
-0.056791181
0.38208162
0.43966912
0.66108248
-0.3236331
0.84679735
-0.3932814
-0.39553897
0.63269827
-0.073001176
-0.38744469
-0.093186608
0.46390746
0.67639663
0.39745646
-0.24939954
-0.14085883
-0.47567323
0.80397486
0.21416506
-0.070234535
0.15292157
0.82376286
-0.097080598
0.001302782
-0.42032694
0.50558058
0.6627202
0.68247607
0.20304124
-0.17225156
1.3537908
0.038376091
0.45220532
1.4818196
-0.38494471
0.46125137
0.84672225
0.43932526
-0.23319705
0.82667117
0.20543906
-0.42434725
0.7221993
0.025826501
0.030455825
0.37076959
0.27129241
-1.0879466
-1.1521831
0.69471076
-0.10781121
0.52964232
-0.84886315
-0.31257101
-0.3881081
-0.31025668
-0.47336166
0.53936208
-0.18854437
0.82788054
-0.68064823
-0.44042158
-0.48583355
0.83075832
0.10841492
-0.4883973
0.00045465845
0.36745079
-0.20121694
0.35513963
-0.38928417
1.0449407
1.3066644
0.13401945
1.2572233
0.74061312
-0.37656326
0.12331368
-0.044345533
0.58032297
-0.24911612
-0.56121489
0.59129702
-0.14438323
-0.10037669
0.28054069
-0.11350578
0.23327373
-0.13098582
1.233759
0.49303368
-0.22061287
0.47461306
0.35752251
0.086460952
0.28298749
0.12221373
-0.203579
-0.67984307
-0.11978649
0.97328084
-0.22013228
-0.059992049
0.033278012
0.25111083
	0.25111083
